1,2,3,4,5,6,7,8,9,10,11,12,13,14,15,16,17,18,19,20,21,22,23,24,25,26,27,28,29,30,31,32,33,34,35,36,37,38,39,40,41,42,43,44,45,46
0.0,3.7938805990700333,6.7038629908434135,10.214048658587835,13.584260635014331,15.629997344849421,16.092259816445917,17.81694513658276,14.965760455118877,12.602756325502765,15.665618979153042,16.25661262379097,12.792380896455514,13.396381377073437,16.861721916815018,15.83401004167927,13.89351683340111,17.05967939323597,18.934817506382256,16.21498029601023,15.511570713502872,12.929329951702831,9.654409044576472,11.204790180989555,14.287556579065573,12.897960885349281,11.238710424243521,14.761432213711512,16.433240276950862,14.98409173089914,14.081917199018037,10.35191953214475,8.290703830194394,5.65173230080831,5.446088320987826,6.314440038514896,6.508461799841805,5.738082606585583,8.15971390429836,8.120760617085079,11.596126034154684,14.473592574063979,14.941182483324402,11.54701996187761,12.144325300320311,11.809570102251817
3.7938805990700333,0.0,3.803275036070887,6.706828460606398,10.265992645623706,12.232206791907993,12.816590654304287,14.227539843556931,11.219074115095237,9.136062663970732,12.412532457157967,12.78855355386214,9.485872179193645,10.729039752000174,14.101749962327371,13.096969573149353,11.88115154351631,15.245951495397064,17.328228818895486,15.127737438229154,13.938606888781964,11.850778413252018,8.162161233398908,9.653863319935704,12.106124441785653,10.09554441325479,8.232084669146692,11.832460141492131,13.166887939068973,11.342397497883768,10.552331211632811,6.742480404124286,5.587441811777552,4.596931585307749,6.394319823092994,8.901914906355824,9.388771218855002,8.407628321946682,9.47954708833708,7.819998529411627,10.798826278813822,13.105353028438417,12.773761388095519,9.063840356052175,10.06243136622556,9.133189804225028
6.7038629908434135,3.803275036070887,0.0,3.8283799445718545,6.9166825863270605,9.171514705870562,10.438616814501813,12.32188236431431,9.543399237169114,8.047049148600996,11.808133341049295,12.545537254338692,10.0535558883412,11.807212075676459,15.100879875027152,14.510682444323562,14.109810381433196,17.3508349654995,19.73306973078441,18.025501851543552,16.576219502648968,14.839279429945378,11.079138098245728,11.963197398689031,13.931666303784342,11.581854946423737,9.083012000432456,12.141614637271273,13.385072618405923,10.73048060433455,9.174848827092465,5.609605422843927,5.364746499136748,6.48278990867358,7.666461047967308,10.804200201773384,10.518887013367909,9.162717664535995,8.62521164957707,5.687308853930829,7.914265095383145,9.63542905116321,9.090851060269326,5.3094527966637,6.49834640504798,6.147644182937071
10.214048658587835,6.706828460606398,3.8283799445718545,0.0,3.7981402027834634,5.6918976624672375,7.358649332588148,8.79480244235196,5.998562827878025,5.516744057866016,9.317811652958005,9.883065617509578,8.339267773611782,10.687814088951958,13.468619676863698,13.160451967922683,13.715744456645435,16.752394604951256,19.25527371916587,18.22591221311021,16.50983967214703,15.480578445264893,11.929125366094532,12.65236440354134,13.614025745531702,10.767421279024983,8.487598835948836,10.947726750334976,11.424695969696526,8.10699531269138,6.762429888730827,4.090204640357253,6.332261997106563,8.939139555908053,10.931473551173235,14.343288360763024,14.296123425600383,12.910099689777766,11.966173197810567,8.577255097057567,9.62113013112285,10.081302396020067,8.387886026884246,4.835779771660408,6.285986080162761,4.827636274617217
13.584260635014331,10.265992645623706,6.9166825863270605,3.7981402027834634,0.0,3.809240606735154,7.188895116775596,8.464331928746653,6.3984911502634745,7.656210159080014,10.938510547601991,11.36174858901569,10.894318978256512,13.538347720456882,15.798913918367933,15.600812831387987,16.803316904706644,19.699265925409506,22.151699280190677,21.439082839524644,19.440422089039117,18.562266294825104,15.130580325949166,15.253112665944613,15.833161781526773,13.187405885920098,10.651243166879631,12.043967037483954,12.455417897445273,8.912176389636821,6.792153487665014,6.139917996195064,8.472486116837253,11.70598312829811,13.343678840559676,16.9270781294351,16.71206875285044,15.479320689229226,13.734863741588411,10.006108934046242,9.583139882105446,8.911684520897268,6.165302344573216,4.176213955247023,6.15527854771821,5.857676416464126
15.629997344849421,12.232206791907993,9.171514705870562,5.6918976624672375,3.809240606735154,0.0,3.8184974793758872,5.48398440916821,5.222608830843067,6.482878835825948,8.839718604118572,10.046134032552024,10.637182333682167,12.675368120887061,14.647302652707083,15.319704272602653,16.765559131743863,19.070377919695247,21.8812198243151,21.743403298471932,20.130701055849993,19.917959885490284,16.71525779041412,17.434318053769697,17.492762217557292,14.327551709904942,12.667588128763898,14.11737220590291,13.526825532991841,9.710850117265739,8.939142072928476,8.534824251266103,11.553757008003933,14.562165326626396,16.41846195598114,19.846292701660936,19.390322895712696,17.583514466681567,15.924901192786097,12.430081496112567,12.315114859391283,10.885165547661641,8.703402265780895,7.109713144705627,7.169217670011143,5.402525613081349
16.092259816445917,12.816590654304287,10.438616814501813,7.358649332588148,7.188895116775596,3.8184974793758872,0.0,3.854113387019122,5.411970805538403,5.108715396261569,6.202982669651753,8.635718962541567,9.719214114320149,10.694869143659494,12.617504190607583,14.181209821450354,15.424816562928715,17.107852027650928,20.282782698633834,20.529148935111753,19.504618478709087,19.820251688613844,16.87731518933032,18.346568752766824,18.179658110096568,14.608970566059746,13.852598095664222,15.750554942604403,14.491564925845655,10.782405158405059,11.22010971425859,10.300166697680188,13.49988807361009,15.990038148797519,18.039524772011042,21.180850148188103,20.599505358139066,18.30927016568383,17.113379590250428,14.055621829004934,14.718204679919353,13.385727548400197,11.95053505078329,9.860659105759613,8.821184104189188,5.6809985037843465
17.81694513658276,14.227539843556931,12.32188236431431,8.79480244235196,8.464331928746653,5.48398440916821,3.854113387019122,0.0,3.839819527009049,5.483124747805762,5.1106940820205615,6.168620591347793,8.518172397879724,10.004361248975368,10.80441530116276,12.247437691207088,14.340169315597358,15.82766783199597,18.671609411081842,19.416771255798427,18.093425325239,18.927985127847073,16.442883141347203,17.67159373118339,16.721963849978867,13.191875567939533,13.014489386833432,14.247502974205691,12.246036583319519,8.805595664121764,10.192750070515809,10.338103017478595,14.038259365035254,16.818316265310273,19.470706047804224,22.776971462422303,22.78287622316375,20.880049185765824,19.9793198332676,16.749851193368855,17.341728893048696,16.247903680167482,14.117604116846456,12.065414373323447,11.986684821083768,8.963141748293397
14.965760455118877,11.219074115095237,9.543399237169114,5.998562827878025,6.3984911502634745,5.222608830843067,5.411970805538403,3.839819527009049,0.0,3.8443976121103822,5.538987452594562,5.131139639495305,6.064946083849386,8.74125677462915,10.028443548228209,10.330707816989115,12.319761280154744,14.611282797892867,17.115114898825542,17.27250995078596,15.485849992816023,15.815524809502845,13.119675148417357,14.014468131185001,13.290860807336745,9.888036862795365,9.245124228478492,10.627573053148119,9.10151624730737,5.406985944128206,6.6269363962543055,6.6094554995097745,10.387408435216166,13.267717663562184,16.139519013898774,19.536185426024193,19.94266484199141,18.493910078725914,17.83371831671679,14.52172568946267,15.280903670922083,14.918320884067347,12.541583153653288,9.971597966223868,10.858743251408058,8.123755043081987
12.602756325502765,9.136062663970732,8.047049148600996,5.516744057866016,7.656210159080014,6.482878835825948,5.108715396261569,5.483124747805762,3.8443976121103822,0.0,3.8409146046221854,5.414616606926108,4.894079484438315,6.238216491914977,8.752195210345802,9.679655624039524,10.549981090030448,12.728755712951678,15.72507109681861,15.598033497848375,14.521912442925691,14.75899434243404,11.907960740613818,13.73175021619604,13.613224085425172,9.935489721196435,9.686891090540867,12.207047882268668,10.981368630548744,7.705264044794311,8.942180215137693,7.13868090055859,10.306582993407659,12.298965850834778,14.961724399279651,17.96442668163947,18.05625963481917,16.14625984554937,15.91997449746701,13.094838448793478,14.700344485759508,14.679780958856298,13.19704213072005,9.965197087865347,9.935554639777289,6.489047156555421
15.665618979153042,12.412532457157967,11.808133341049295,9.317811652958005,10.938510547601991,8.839718604118572,6.202982669651753,5.1106940820205615,5.538987452594562,3.8409146046221854,0.0,3.8628774249256215,5.4237640988523825,5.251110930079464,6.505772667408538,8.75169823519984,10.073645516892086,11.15709545535934,14.376076377092604,15.147154650296537,14.54792074490372,15.73901556641965,13.609062495263956,15.780348190074895,14.921060853706079,11.128814357333848,12.032991564860337,14.163823318581745,11.988461535993682,9.219247312009804,11.53273124632669,10.449239206755678,13.765098619334333,15.596614825018921,18.4708195811664,21.301288294373187,21.47946072414296,19.41765562574432,19.418922755910017,16.780562833230597,18.43126932688034,18.13829694320831,16.63477255630506,13.640792718900173,13.267014547365207,9.587483194248634
16.25661262379097,12.78855355386214,12.545537254338692,9.883065617509578,11.36174858901569,10.046134032552024,8.635718962541567,6.168620591347793,5.131139639495305,5.414616606926108,3.8628774249256215,0.0,3.7987894124312818,5.488440579982624,5.189522714084601,6.131243756367871,8.687388099998756,10.18462021874159,12.652896664400608,13.582228756724723,12.245050265311285,13.70158738978809,12.000124416021693,13.643274130501078,12.052864680232663,8.430795751291807,9.874242755776262,11.326930784638881,8.590101047135592,6.469896676145608,9.660116872999001,9.467500303670448,12.916424969781692,14.974933655946526,18.335421620459126,21.320078447322846,22.149547376865293,20.6877085729667,20.863001246225334,18.019850693055144,19.49419690574608,19.544681169054662,17.457566554362607,14.494410784850826,15.089826009599978,11.790369714304976
12.792380896455514,9.485872179193645,10.0535558883412,8.339267773611782,10.894318978256512,10.637182333682167,9.719214114320149,8.518172397879724,6.064946083849386,4.894079484438315,5.4237640988523825,3.7987894124312818,0.0,3.8287466617680512,5.451207114025296,4.9676846719573495,6.269460981615565,8.933112895290197,11.33891515974963,11.237801697841087,9.805909901686839,10.550726136148166,8.427174793488028,10.465327037412639,9.58632995468026,5.787478380089207,7.209859707372954,9.675367383205662,7.879985342625963,6.087098652067337,8.765563815294485,7.371418927180846,10.18443071555794,11.637776892516888,15.056500689071148,17.828851168821846,18.859549676490158,17.610757536233354,18.228394718131376,15.685719301326287,17.6318370568696,18.36181159363095,16.59534305159131,13.170650287666133,14.004435654463196,10.93748540570455
13.396381377073437,10.729039752000174,11.807212075676459,10.687814088951958,13.538347720456882,12.675368120887061,10.694869143659494,10.004361248975368,8.74125677462915,6.238216491914977,5.251110930079464,5.488440579982624,3.8287466617680512,0.0,3.83560503701828,5.446686148475971,5.1380965347101055,6.572599866110823,9.873480946454498,10.122883087342261,10.073257467175154,11.386278979543755,9.79978499764153,12.760449561046038,12.107420988798564,8.553419257817309,10.511163303840352,13.258997134021866,11.39812510898174,9.879578685348884,12.497481586303698,10.62517698676121,13.01810408623314,13.723766465515215,16.819771401538134,19.08548508684021,19.793912422762716,18.068066028216744,19.082944348291747,17.058604954684892,19.48767921020869,20.171212407785507,18.967062766807093,15.39846161147275,15.409335514550913,11.96450057461656
16.861721916815018,14.101749962327371,15.100879875027152,13.468619676863698,15.798913918367933,14.647302652707083,12.617504190607583,10.80441530116276,10.028443548228209,8.752195210345802,6.505772667408538,5.189522714084601,5.451207114025296,3.83560503701828,0.0,3.8420978644485357,5.322489455132813,5.263235601794774,8.094958307489916,9.695211189035543,9.579945198173109,12.016054302473837,11.429908311093312,14.008318564338834,12.315375958532487,9.074631066880901,11.900650150306914,13.792369955885029,11.08109335760691,10.357359943537736,13.721853446236771,12.806663812250246,15.500144709001912,16.482008979490335,19.881512266424807,22.22701664641479,23.269899892350207,21.76508447031621,22.762151677730294,20.55501858427766,22.73565642333645,23.2543491416122,21.64312907137043,18.277359273155405,18.549075691257503,15.049950564702863
15.83401004167927,13.096969573149353,14.510682444323562,13.160451967922683,15.600812831387987,15.319704272602653,14.181209821450354,12.247437691207088,10.330707816989115,9.679655624039524,8.75169823519984,6.131243756367871,4.9676846719573495,5.446686148475971,3.8420978644485357,0.0,3.8134711222192306,5.669168281150243,6.983109192902543,7.797444966141153,6.402064198366023,8.799640731302613,8.612036692908362,10.729798180767428,8.633981526503286,5.798406419008588,9.221128455888683,10.803347675605002,8.276483915286732,8.659149669569178,12.036610735584997,11.36762341037035,13.626501165009307,14.473037276259603,18.127393248892684,20.472111395750073,22.084281038784127,21.19098218582612,22.369945931986514,20.123004472493665,22.238157590052282,23.21586961541609,21.343413972464667,17.947376242782678,18.94498215887257,15.865953737484553
13.89351683340111,11.88115154351631,14.109810381433196,13.715744456645435,16.803316904706644,16.765559131743863,15.424816562928715,14.340169315597358,12.319761280154744,10.549981090030448,10.073645516892086,8.687388099998756,6.269460981615565,5.1380965347101055,5.322489455132813,3.8134711222192306,0.0,3.8394761361414913,5.646276117938264,5.124906828421372,5.176174649294593,7.183130863349212,7.1835455034404845,10.338202019693753,9.349707321622427,6.921331158093795,10.078965522314283,12.537587048551247,10.937935637038645,11.137049654194776,13.911707803141928,12.239736680174127,13.724392955610096,13.601404118693042,16.95347061813598,18.729345557173108,20.28649119488139,19.322750166578253,21.04956648009645,19.376308497750546,22.0185731826565,23.38747583643861,22.05953349461407,18.37952708858419,19.06538394577985,16.055273463880958
17.05967939323597,15.245951495397064,17.3508349654995,16.752394604951256,19.699265925409506,19.070377919695247,17.107852027650928,15.82766783199597,14.611282797892867,12.728755712951678,11.15709545535934,10.18462021874159,8.933112895290197,6.572599866110823,5.263235601794774,5.669168281150243,3.8394761361414913,0.0,3.8043063756748086,5.485613274739663,7.274490291422485,10.17387458149549,10.87679277176871,14.011490927092662,12.676078810105276,10.434946190565622,13.776061156949037,15.95935662863638,13.843872615709811,14.055744519590558,17.175695531768138,15.701896032008365,17.450926938131396,17.33779458293355,20.566716485623076,22.155310875724584,23.515116967601926,22.253692569998353,24.05765229609905,22.520070559392128,25.24522509307453,26.365862682643254,25.13842813303966,21.484906818508662,21.756953463203434,18.43979807373172
18.934817506382256,17.328228818895486,19.73306973078441,19.25527371916587,22.151699280190677,21.8812198243151,20.282782698633834,18.671609411081842,17.115114898825542,15.72507109681861,14.376076377092604,12.652896664400608,11.33891515974963,9.873480946454498,8.094958307489916,6.983109192902543,5.646276117938264,3.8043063756748086,0.0,3.820803842125372,5.792371707685893,9.33038964888391,11.299664685290445,13.919671871132593,12.153997572815292,10.988390646495963,14.674630284950965,16.30031616257795,14.27906180391415,15.454370546871198,18.62022497178807,17.511848902957105,18.917557981938366,18.58893461175223,21.925824317457256,23.320207953618254,25.18192504555599,24.409567263677573,26.439141381671227,24.948027276720698,27.63081115349312,29.02185914099922,27.590278759012204,23.963164857756162,24.660797614838007,21.533099776855167
16.21498029601023,15.127737438229154,18.025501851543552,18.22591221311021,21.439082839524644,21.743403298471932,20.529148935111753,19.416771255798427,17.27250995078596,15.598033497848375,15.147154650296537,13.582228756724723,11.237801697841087,10.122883087342261,9.695211189035543,7.797444966141153,5.124906828421372,5.485613274739663,3.820803842125372,0.0,3.8312595840010624,6.321637208824941,8.61182744834103,11.423228133938322,10.517535310138017,9.86989285656131,13.17299609048754,15.203074327253681,14.04068167860806,15.262903819391642,17.87546693096435,16.278282894703604,16.957430170872,16.000378370526114,19.113789420206555,20.139682147442148,22.19996939187079,21.744526989566822,24.083007058920195,22.914308652019155,25.77687508213515,27.593711783665494,26.388756014636233,22.670654997154358,23.537597859594765,20.766168351431617
15.511570713502872,13.938606888781964,16.576219502648968,16.50983967214703,19.440422089039117,20.130701055849993,19.504618478709087,18.093425325239,15.485849992816023,14.521912442925691,14.54792074490372,12.245050265311285,9.805909901686839,10.073257467175154,9.579945198173109,6.402064198366023,5.176174649294593,7.274490291422485,5.792371707685893,3.8312595840010624,0.0,3.8400626296975937,6.42032818475816,8.374255131054941,6.8267001545402595,6.778212817550065,10.189333344237983,11.707611583922658,10.714742180752648,12.502581933344807,15.006420692490265,13.898570358133961,14.554273118228886,14.003979791473565,17.437852792130112,18.900580123371878,21.30092723333893,21.23704974802291,23.249332226969443,21.681030856488352,24.1723001181104,26.02309578047931,24.421062753287373,20.876192947949107,22.291952112814165,19.769059208773694
12.929329951702831,11.850778413252018,14.839279429945378,15.480578445264893,18.562266294825104,19.917959885490284,19.820251688613844,18.927985127847073,15.815524809502845,14.75899434243404,15.73901556641965,13.70158738978809,10.550726136148166,11.386278979543755,12.016054302473837,8.799640731302613,7.183130863349212,10.17387458149549,9.33038964888391,6.321637208824941,3.8400626296975937,0.0,3.777215508810691,5.41545362827529,5.580880396496596,6.505409595098529,8.726001432500455,10.613466351762746,10.913148812327265,12.568982695508813,14.171956145853683,12.623404097152243,12.302728924917432,11.08655045539414,14.289458317235123,15.48920669369481,18.19656830284216,18.615087241267496,20.78860933299772,19.46938001067317,21.994470987045812,24.27304058003447,22.857424723708487,19.346641801615082,21.03849528839931,19.046090438722587
9.654409044576472,8.162161233398908,11.079138098245728,11.929125366094532,15.130580325949166,16.71525779041412,16.87731518933032,16.442883141347203,13.119675148417357,11.907960740613818,13.609062495263956,12.000124416021693,8.427174793488028,9.79978499764153,11.429908311093312,8.612036692908362,7.1835455034404845,10.87679277176871,11.299664685290445,8.61182744834103,6.42032818475816,3.777215508810691,0.0,3.8179006011157504,5.494253088455246,5.011111752894761,5.974203043084492,8.871555049708029,9.683657057124648,10.361697013520516,11.38933334308905,9.243061289421378,8.758397912860548,7.618281696025686,11.023045767844748,12.720324249011895,15.132890305556307,15.358344507140082,17.24413027670575,15.740730129190323,18.24251498560437,20.50684007837385,19.1899008856221,15.640210164828348,17.341804202562084,15.548844072792036
11.204790180989555,9.653863319935704,11.963197398689031,12.65236440354134,15.253112665944613,17.434318053769697,18.346568752766824,17.67159373118339,14.014468131185001,13.73175021619604,15.780348190074895,13.643274130501078,10.465327037412639,12.760449561046038,14.008318564338834,10.729798180767428,10.338202019693753,14.011490927092662,13.919671871132593,11.423228133938322,8.374255131054941,5.41545362827529,3.8179006011157504,0.0,3.818530869326579,5.502840720936779,5.037977669660713,6.6693407470303985,8.692164344971856,10.132229863164376,10.416246684866866,9.128531590568112,7.975707178677011,7.242414859699767,10.647131491627215,12.607815116030217,15.548355154163415,16.518205078034352,18.041711005334278,16.286815219679998,18.201544220202855,20.61940845417249,18.899628700056518,15.766193484795243,18.181802715902514,16.944135062020724
14.287556579065573,12.106124441785653,13.931666303784342,13.614025745531702,15.833161781526773,17.492762217557292,18.179658110096568,16.721963849978867,13.290860807336745,13.613224085425172,14.921060853706079,12.052864680232663,9.58632995468026,12.107420988798564,12.315375958532487,8.633981526503286,9.349707321622427,12.676078810105276,12.153997572815292,10.517535310138017,6.8267001545402595,5.580880396496596,5.494253088455246,3.818530869326579,0.0,3.8026335610994657,5.295147684437139,5.461269266388538,6.140153336847542,8.704675755018103,10.082321409278718,9.898636118173048,10.09390315982871,10.44591657060308,14.096615232033539,16.333221788734765,19.09674207816611,19.732000025339552,21.01580695571788,18.864924807695367,20.544947554082487,22.486655353787054,20.317370425328175,17.276090848337187,19.678700922571082,17.968910067113143
12.897960885349281,10.09554441325479,11.581854946423737,10.767421279024983,13.187405885920098,14.327551709904942,14.608970566059746,13.191875567939533,9.888036862795365,9.935489721196435,11.128814357333848,8.430795751291807,5.787478380089207,8.553419257817309,9.074631066880901,5.798406419008588,6.921331158093795,10.434946190565622,10.988390646495963,9.86989285656131,6.778212817550065,6.505409595098529,5.011111752894761,5.502840720936779,3.8026335610994657,0.0,3.841969677131771,5.6353131235096425,4.928807259368132,6.087349998151905,8.231902514000028,7.568310841925034,8.904213440837996,9.845748778025976,13.675673328944356,16.273228628640354,18.40545190969241,18.32452070314528,19.37073731172874,16.993218235519723,18.799947340351782,20.34092871527748,18.246951334401043,14.983510302996425,16.9525700116531,14.794371260719396
11.238710424243521,8.232084669146692,9.083012000432456,8.487598835948836,10.651243166879631,12.667588128763898,13.852598095664222,13.014489386833432,9.245124228478492,9.686891090540867,12.032991564860337,9.874242755776262,7.209859707372954,10.511163303840352,11.900650150306914,9.221128455888683,10.078965522314283,13.776061156949037,14.674630284950965,13.17299609048754,10.189333344237983,8.726001432500455,5.974203043084492,5.037977669660713,5.295147684437139,3.841969677131771,0.0,3.805591806802195,5.402583270991758,5.406041897728874,5.571643563617472,4.6266473822844985,5.3641936952351,7.083054002335434,10.83873285951822,13.895803719108875,15.961691232447773,16.172669414787407,16.764653858639612,14.147250934368842,15.560552271690103,17.2656122393618,15.062415676112513,12.001206522679292,14.510822891896932,13.074251106659993
14.761432213711512,11.832460141492131,12.141614637271273,10.947726750334976,12.043967037483954,14.11737220590291,15.750554942604403,14.247502974205691,10.627573053148119,12.207047882268668,14.163823318581745,11.326930784638881,9.675367383205662,13.258997134021866,13.792369955885029,10.803347675605002,12.537587048551247,15.95935662863638,16.30031616257795,15.203074327253681,11.707611583922658,10.613466351762746,8.871555049708029,6.6693407470303985,5.461269266388538,5.6353131235096425,3.805591806802195,0.0,3.778878272715331,5.521964324404858,5.476939382538389,6.9346817518902775,7.775543903805057,9.95040808208387,13.428381101234804,16.537613854483364,18.8545587590906,19.429830184538414,19.71736163892117,16.869026824331037,17.62608232137817,19.099441955198586,16.34216010813748,13.92406912507978,16.868969618800076,15.682862398172091
16.433240276950862,13.166887939068973,13.385072618405923,11.424695969696526,12.455417897445273,13.526825532991841,14.491564925845655,12.246036583319519,9.10151624730737,10.981368630548744,11.988461535993682,8.590101047135592,7.879985342625963,11.39812510898174,11.08109335760691,8.276483915286732,10.937935637038645,13.843872615709811,14.27906180391415,14.04068167860806,10.714742180752648,10.913148812327265,9.683657057124648,8.692164344971856,6.140153336847542,4.928807259368132,5.402583270991758,3.778878272715331,0.0,3.823858130213515,6.2159316276806,8.007640726206441,10.176050609150879,12.457304443578474,16.150361048595787,19.268285263613887,21.3140723701502,21.3406886955412,21.640700104201805,18.663887349638607,19.57170041156363,20.547365719235152,17.710099547998027,15.164285014467382,17.60428087142443,15.70625830680242
14.98409173089914,11.342397497883768,10.73048060433455,8.10699531269138,8.912176389636821,9.710850117265739,10.782405158405059,8.805595664121764,5.406985944128206,7.705264044794311,9.219247312009804,6.469896676145608,6.087098652067337,9.879578685348884,10.357359943537736,8.659149669569178,11.137049654194776,14.055744519590558,15.454370546871198,15.262903819391642,12.502581933344807,12.568982695508813,10.361697013520516,10.132229863164376,8.704675755018103,6.087349998151905,5.406041897728874,5.521964324404858,3.823858130213515,0.0,3.8042283054517116,5.470186559889892,8.71397274496541,11.60213088186821,15.074309834947668,18.473111107769586,19.889262178371528,19.404367884576914,19.263106447299716,16.043395899871076,16.81878420100573,17.368869537192108,14.564351032572649,11.985266079649628,14.152074971536859,12.139878953268028
14.081917199018037,10.552331211632811,9.174848827092465,6.762429888730827,6.792153487665014,8.939142072928476,11.22010971425859,10.192750070515809,6.6269363962543055,8.942180215137693,11.53273124632669,9.660116872999001,8.765563815294485,12.497481586303698,13.721853446236771,12.036610735584997,13.911707803141928,17.175695531768138,18.62022497178807,17.87546693096435,15.006420692490265,14.171956145853683,11.38933334308905,10.416246684866866,10.082321409278718,8.231902514000028,5.571643563617472,5.476939382538389,6.2159316276806,3.8042283054517116,0.0,3.8407590395649662,6.533243145636016,10.072673230081476,13.04949830453263,16.694084730826066,17.98000520022172,17.81064108896701,17.18546231557359,13.767012929462949,13.951148303992758,14.612569452358473,11.568265643561267,9.403364610606143,12.283221605100188,11.265959967974323
10.35191953214475,6.742480404124286,5.609605422843927,4.090204640357253,6.139917996195064,8.534824251266103,10.300166697680188,10.338103017478595,6.6094554995097745,7.13868090055859,10.449239206755678,9.467500303670448,7.371418927180846,10.62517698676121,12.806663812250246,11.36762341037035,12.239736680174127,15.701896032008365,17.511848902957105,16.278282894703604,13.898570358133961,12.623404097152243,9.243061289421378,9.128531590568112,9.898636118173048,7.568310841925034,4.6266473822844985,6.9346817518902775,8.007640726206441,5.470186559889892,3.8407590395649662,0.0,3.8261338188829708,7.065128024317747,10.055811056299735,13.619527267860658,14.655437659790309,14.207785541737316,13.899243900299037,10.718488186306875,11.733360516066996,12.92615240510493,10.681423968741246,7.532808639544747,10.053013229872922,8.891166065258258
8.290703830194394,5.587441811777552,5.364746499136748,6.332261997106563,8.472486116837253,11.553757008003933,13.49988807361009,14.038259365035254,10.387408435216166,10.306582993407659,13.765098619334333,12.916424969781692,10.18443071555794,13.01810408623314,15.500144709001912,13.626501165009307,13.724392955610096,17.450926938131396,18.917557981938366,16.957430170872,14.554273118228886,12.302728924917432,8.758397912860548,7.975707178677011,10.09390315982871,8.904213440837996,5.3641936952351,7.775543903805057,10.176050609150879,8.71397274496541,6.533243145636016,3.8261338188829708,0.0,3.7652412937287307,6.536211440888369,10.164224072697337,11.620213638311478,11.973272484997574,11.967678680512776,9.257564744575111,10.48725764916644,12.712464591887759,11.009168633461837,8.009077225248861,10.873950662017922,10.704768750421469
5.65173230080831,4.596931585307749,6.48278990867358,8.939139555908053,11.70598312829811,14.562165326626396,15.990038148797519,16.818316265310273,13.267717663562184,12.298965850834778,15.596614825018921,14.974933655946526,11.637776892516888,13.723766465515215,16.482008979490335,14.473037276259603,13.601404118693042,17.33779458293355,18.58893461175223,16.000378370526114,14.003979791473565,11.08655045539414,7.618281696025686,7.242414859699767,10.44591657060308,9.845748778025976,7.083054002335434,9.95040808208387,12.457304443578474,11.60213088186821,10.072673230081476,7.065128024317747,3.7652412937287307,0.0,3.8362531199074965,6.898691832514338,8.979420526960526,9.876009821785313,10.937922151853158,9.346024448930146,11.477613035818903,14.395582308472278,13.542103233988433,10.423361933656532,12.672712771936403,12.554158195594
5.446088320987826,6.394319823092994,7.666461047967308,10.931473551173235,13.343678840559676,16.41846195598114,18.039524772011042,19.470706047804224,16.139519013898774,14.961724399279651,18.4708195811664,18.335421620459126,15.056500689071148,16.819771401538134,19.881512266424807,18.127393248892684,16.95347061813598,20.566716485623076,21.925824317457256,19.113789420206555,17.437852792130112,14.289458317235123,11.023045767844748,10.647131491627215,14.096615232033539,13.675673328944356,10.83873285951822,13.428381101234804,16.150361048595787,15.074309834947668,13.04949830453263,10.055811056299735,6.536211440888369,3.8362531199074965,0.0,3.7616330230366715,5.559756559418768,7.4042626911799925,8.465949976228304,7.858949611748381,10.004659964236666,13.500285922898078,13.478692147237432,10.881875297943825,12.844984196175565,13.657019220898828
6.314440038514896,8.901914906355824,10.804200201773384,14.343288360763024,16.9270781294351,19.846292701660936,21.180850148188103,22.776971462422303,19.536185426024193,17.96442668163947,21.301288294373187,21.320078447322846,17.828851168821846,19.08548508684021,22.22701664641479,20.472111395750073,18.729345557173108,22.155310875724584,23.320207953618254,20.139682147442148,18.900580123371878,15.48920669369481,12.720324249011895,12.607815116030217,16.333221788734765,16.273228628640354,13.895803719108875,16.537613854483364,19.268285263613887,18.473111107769586,16.694084730826066,13.619527267860658,10.164224072697337,6.898691832514338,3.7616330230366715,0.0,3.8295924065101232,6.944936356799821,9.118998958219043,10.003007647702766,12.416780661669112,16.089370248707684,16.660839984826694,14.204576340039152,15.681192556690323,16.54804777005433
6.508461799841805,9.388771218855002,10.518887013367909,14.296123425600383,16.71206875285044,19.390322895712696,20.599505358139066,22.78287622316375,19.94266484199141,18.05625963481917,21.47946072414296,22.149547376865293,18.859549676490158,19.793912422762716,23.269899892350207,22.084281038784127,20.28649119488139,23.515116967601926,25.18192504555599,22.19996939187079,21.30092723333893,18.19656830284216,15.132890305556307,15.548355154163415,19.09674207816611,18.40545190969241,15.961691232447773,18.8545587590906,21.3140723701502,19.889262178371528,17.98000520022172,14.655437659790309,11.620213638311478,8.979420526960526,5.559756559418768,3.8295924065101232,0.0,3.8038226825129478,5.929353759053344,7.990280220367745,10.616947960690023,14.192173089417984,15.594668608213514,13.39054983934566,14.10235944797891,15.411498986146677
5.738082606585583,8.407628321946682,9.162717664535995,12.910099689777766,15.479320689229226,17.583514466681567,18.30927016568383,20.880049185765824,18.493910078725914,16.14625984554937,19.41765562574432,20.6877085729667,17.610757536233354,18.068066028216744,21.76508447031621,21.19098218582612,19.322750166578253,22.253692569998353,24.409567263677573,21.744526989566822,21.23704974802291,18.615087241267496,15.358344507140082,16.518205078034352,19.732000025339552,18.32452070314528,16.172669414787407,19.429830184538414,21.3406886955412,19.404367884576914,17.81064108896701,14.207785541737316,11.973272484997574,9.876009821785313,7.4042626911799925,6.944936356799821,3.8038226825129478,0.0,3.8043358158816627,6.409166014389079,9.759483336734585,12.782302687700678,14.624993743588403,12.165006124125052,11.914914057600248,12.971531212620969
8.15971390429836,9.47954708833708,8.62521164957707,11.966173197810567,13.734863741588411,15.924901192786097,17.113379590250428,19.9793198332676,17.83371831671679,15.91997449746701,19.418922755910017,20.863001246225334,18.228394718131376,19.082944348291747,22.762151677730294,22.369945931986514,21.04956648009645,24.05765229609905,26.439141381671227,24.083007058920195,23.249332226969443,20.78860933299772,17.24413027670575,18.041711005334278,21.01580695571788,19.37073731172874,16.764653858639612,19.71736163892117,21.640700104201805,19.263106447299716,17.18546231557359,13.899243900299037,11.967678680512776,10.937922151853158,8.465949976228304,9.118998958219043,5.929353759053344,3.8043358158816627,0.0,3.788739368180397,6.483892966420715,9.334149827381173,11.675331130207828,9.912950166322839,9.450903977927192,11.477577836808601
8.120760617085079,7.819998529411627,5.687308853930829,8.577255097057567,10.006108934046242,12.430081496112567,14.055621829004934,16.749851193368855,14.52172568946267,13.094838448793478,16.780562833230597,18.019850693055144,15.685719301326287,17.058604954684892,20.55501858427766,20.123004472493665,19.376308497750546,22.520070559392128,24.948027276720698,22.914308652019155,21.681030856488352,19.46938001067317,15.740730129190323,16.286815219679998,18.864924807695367,16.993218235519723,14.147250934368842,16.869026824331037,18.663887349638607,16.043395899871076,13.767012929462949,10.718488186306875,9.257564744575111,9.346024448930146,7.858949611748381,10.003007647702766,7.990280220367745,6.409166014389079,3.788739368180397,0.0,3.7915065607222687,6.639132850003831,8.227707153271803,6.142604252269555,6.294776405878132,8.549932923713495
11.596126034154684,10.798826278813822,7.914265095383145,9.62113013112285,9.583139882105446,12.315114859391283,14.718204679919353,17.341728893048696,15.280903670922083,14.700344485759508,18.43126932688034,19.49419690574608,17.6318370568696,19.48767921020869,22.73565642333645,22.238157590052282,22.0185731826565,25.24522509307453,27.63081115349312,25.77687508213515,24.1723001181104,21.994470987045812,18.24251498560437,18.201544220202855,20.544947554082487,18.799947340351782,15.560552271690103,17.62608232137817,19.57170041156363,16.81878420100573,13.951148303992758,11.733360516066996,10.48725764916644,11.477613035818903,10.004659964236666,12.416780661669112,10.616947960690023,9.759483336734585,6.483892966420715,3.7915065607222687,0.0,3.787204905995976,5.583939917298536,5.438334395750228,6.29699277433284,9.637241358397121
14.473592574063979,13.105353028438417,9.63542905116321,10.081302396020067,8.911684520897268,10.885165547661641,13.385727548400197,16.247903680167482,14.918320884067347,14.679780958856298,18.13829694320831,19.544681169054662,18.36181159363095,20.171212407785507,23.2543491416122,23.21586961541609,23.38747583643861,26.365862682643254,29.02185914099922,27.593711783665494,26.02309578047931,24.27304058003447,20.50684007837385,20.61940845417249,22.486655353787054,20.34092871527748,17.2656122393618,19.099441955198586,20.547365719235152,17.368869537192108,14.612569452358473,12.92615240510493,12.712464591887759,14.395582308472278,13.500285922898078,16.089370248707684,14.192173089417984,12.782302687700678,9.334149827381173,6.639132850003831,3.787204905995976,0.0,3.822906485908333,5.449637602630105,5.123852749640644,8.906367048353665
14.941182483324402,12.773761388095519,9.090851060269326,8.387886026884246,6.165302344573216,8.703402265780895,11.95053505078329,14.117604116846456,12.541583153653288,13.19704213072005,16.63477255630506,17.457566554362607,16.59534305159131,18.967062766807093,21.64312907137043,21.343413972464667,22.05953349461407,25.13842813303966,27.590278759012204,26.388756014636233,24.421062753287373,22.857424723708487,19.1899008856221,18.899628700056518,20.317370425328175,18.246951334401043,15.062415676112513,16.34216010813748,17.710099547998027,14.564351032572649,11.568265643561267,10.681423968741246,11.009168633461837,13.542103233988433,13.478692147237432,16.660839984826694,15.594668608213514,14.624993743588403,11.675331130207828,8.227707153271803,5.583939917298536,3.822906485908333,0.0,3.8574418984606877,5.628774022822376,8.583015320969665
11.54701996187761,9.063840356052175,5.3094527966637,4.835779771660408,4.176213955247023,7.109713144705627,9.860659105759613,12.065414373323447,9.971597966223868,9.965197087865347,13.640792718900173,14.494410784850826,13.170650287666133,15.39846161147275,18.277359273155405,17.947376242782678,18.37952708858419,21.484906818508662,23.963164857756162,22.670654997154358,20.876192947949107,19.346641801615082,15.640210164828348,15.766193484795243,17.276090848337187,14.983510302996425,12.001206522679292,13.92406912507978,15.164285014467382,11.985266079649628,9.403364610606143,7.532808639544747,8.009077225248861,10.423361933656532,10.881875297943825,14.204576340039152,13.39054983934566,12.165006124125052,9.912950166322839,6.142604252269555,5.438334395750228,5.449637602630105,3.8574418984606877,0.0,3.7800334654603254,5.79143626400222
12.144325300320311,10.06243136622556,6.49834640504798,6.285986080162761,6.15527854771821,7.169217670011143,8.821184104189188,11.986684821083768,10.858743251408058,9.935554639777289,13.267014547365207,15.089826009599978,14.004435654463196,15.409335514550913,18.549075691257503,18.94498215887257,19.06538394577985,21.756953463203434,24.660797614838007,23.537597859594765,22.291952112814165,21.03849528839931,17.341804202562084,18.181802715902514,19.678700922571082,16.9525700116531,14.510822891896932,16.868969618800076,17.60428087142443,14.152074971536859,12.283221605100188,10.053013229872922,10.873950662017922,12.672712771936403,12.844984196175565,15.681192556690323,14.10235944797891,11.914914057600248,9.450903977927192,6.294776405878132,6.29699277433284,5.123852749640644,5.628774022822376,3.7800334654603254,0.0,3.808660788256156
11.809570102251817,9.133189804225028,6.147644182937071,4.827636274617217,5.857676416464126,5.402525613081349,5.6809985037843465,8.963141748293397,8.123755043081987,6.489047156555421,9.587483194248634,11.790369714304976,10.93748540570455,11.96450057461656,15.049950564702863,15.865953737484553,16.055273463880958,18.43979807373172,21.533099776855167,20.766168351431617,19.769059208773694,19.046090438722587,15.548844072792036,16.944135062020724,17.968910067113143,14.794371260719396,13.074251106659993,15.682862398172091,15.70625830680242,12.139878953268028,11.265959967974323,8.891166065258258,10.704768750421469,12.554158195594,13.657019220898828,16.54804777005433,15.411498986146677,12.971531212620969,11.477577836808601,8.549932923713495,9.637241358397121,8.906367048353665,8.583015320969665,5.79143626400222,3.808660788256156,0.0
